54
4
2
9
126
195
153
243
231
255
231
126
0
0
0
127
230
102
102
195
0
0
12
24
252
48
252
96
192
0
0
24
48
96
48
24
0
124
0
0
96
48
24
48
96
0
248
0
0
0
0
60
60
60
60
0
0
0
16
56
124
254
124
56
16
0
0
195
198
204
216
54
110
214
191
6
195
198
204
216
54
107
198
140
15
225
51
102
52
234
54
106
223
130
24
24
24
24
0
24
24
24
24
108
0
0
0
0
0
0
0
0
0
0
0
0
0
0
12
120
0
14
27
24
60
24
24
216
112
0
24
24
126
24
24
24
24
0
0
24
24
126
24
126
24
24
0
0
0
204
216
48
96
219
155
0
0
241
91
85
81
0
0
0
0
0
0
0
0
0
0
219
219
0
0
0
12
24
48
24
12
0
0
0
0
48
24
12
24
48
0
0
0
204
204
102
0
0
0
0
0
0
102
102
204
0
0
0
0
0
0
0
0
0
0
0
102
102
204
0
0
0
0
0
0
204
204
102
0
0
0
0
0
0
24
24
12
0
198
124
126
192
206
198
126
0
0
198
124
0
118
204
124
12
248
0
48
0
120
48
48
48
120
0
0
0
0
112
48
48
48
120
0
0
120
196
112
56
140
120
12
120
0
0
124
192
120
12
248
12
120
0
0
0
0
0
0
0
0
0
0
48
120
120
48
48
0
48
0
0
108
108
40
0
0
0
0
0
0
108
108
254
108
254
108
108
0
0
16
124
208
124
22
124
16
0
0
0
198
204
24
48
102
198
0
0
56
108
56
118
220
204
118
0
0
24
24
48
0
0
0
0
0
0
24
48
96
96
96
48
24
0
0
96
48
24
24
24
48
96
0
0
0
108
56
254
56
108
0
0
0
0
48
48
252
48
48
0
0
0
0
0
0
0
0
24
24
48
0
0
0
0
252
0
0
0
0
0
0
0
0
0
0
48
48
0
0
6
12
24
48
96
192
128
0
0
124
198
198
214
198
198
124
0
0
48
112
48
48
48
48
252
0
0
120
204
12
56
96
204
252
0
0
120
204
12
56
12
204
120
0
0
28
60
108
204
254
12
30
0
0
252
192
248
12
12
204
120
0
0
56
96
192
248
204
204
120
0
0
252
204
12
24
48
48
48
0
0
120
204
204
120
204
204
120
0
0
120
204
204
124
12
24
112
0
0
0
48
48
0
0
48
48
0
0
0
48
48
0
0
48
48
96
0
24
48
96
192
96
48
24
0
0
0
0
252
0
252
0
0
0
0
96
48
24
12
24
48
96
0
0
120
204
12
24
48
0
48
0
0
124
198
222
222
220
192
120
0
0
56
108
198
198
254
198
198
0
0
252
102
102
124
102
102
252
0
0
60
102
192
192
192
102
60
0
0
248
108
102
102
102
108
248
0
0
254
98
104
120
104
98
254
0
0
254
98
104
120
104
96
240
0
0
60
102
192
192
206
102
62
0
0
198
198
198
254
198
198
198
0
0
120
48
48
48
48
48
120
0
0
30
12
12
12
204
204
120
0
0
230
102
108
120
108
102
230
0
0
240
96
96
96
98
102
254
0
0
198
238
254
254
214
198
198
0
0
198
230
246
222
206
198
198
0
0
124
198
198
198
198
198
124
0
0
252
102
102
124
96
96
240
0
0
124
198
198
198
198
206
124
14
0
252
102
102
124
108
102
230
0
0
120
204
224
120
28
204
120
0
0
252
180
48
48
48
48
120
0
0
198
198
198
198
198
198
124
0
0
198
198
198
198
198
108
56
0
0
198
198
198
214
214
254
108
0
0
198
198
108
56
108
198
198
0
0
204
204
204
120
48
48
120
0
0
254
204
152
48
98
198
254
0
0
120
96
96
96
96
96
120
0
0
192
96
48
24
12
6
2
0
0
120
24
24
24
24
24
120
0
0
16
56
108
198
0
0
0
0
0
0
0
0
0
0
0
0
254
0
48
48
24
0
0
0
0
0
0
0
0
120
12
124
204
118
0
0
224
96
96
124
102
102
220
0
0
0
0
120
204
192
204
120
0
0
28
12
12
124
204
204
118
0
0
0
0
120
204
252
192
120
0
0
56
108
96
240
96
96
240
0
0
0
0
118
204
204
124
12
248
0
224
96
108
118
102
102
230
0
0
48
0
112
48
48
48
120
0
0
12
0
28
12
12
204
204
120
0
224
96
102
108
120
108
230
0
0
112
48
48
48
48
48
120
0
0
0
0
236
254
214
214
214
0
0
0
0
220
102
102
102
102
0
0
0
0
120
204
204
204
120
0
0
0
0
220
102
102
124
96
240
0
0
0
118
204
204
124
12
30
0
0
0
220
118
96
96
240
0
0
0
0
124
192
120
12
248
0
0
16
48
252
48
48
54
28
0
0
0
0
204
204
204
204
118
0
0
0
0
198
198
198
108
56
0
0
0
0
198
214
214
254
108
0
0
0
0
198
108
56
108
198
0
0
0
0
204
204
204
124
12
248
0
0
0
252
152
48
100
252
0
0
28
48
48
224
48
48
28
0
0
24
24
24
24
24
24
24
24
0
224
48
48
28
48
48
224
0
0
118
220
0
0
0
0
0
0
0
0
0
24
60
60
24
0
0
0
192
96
28
54
99
127
99
0
0
3
6
56
108
198
254
198
0
0
16
40
0
124
198
254
198
0
0
118
220
0
124
198
254
198
0
0
108
0
56
108
198
254
198
0
0
56
108
56
108
198
254
198
0
0
63
109
204
255
204
205
207
0
0
60
102
192
192
102
60
6
60
0
96
48
254
98
120
98
254
0
0
12
24
254
98
120
98
254
0
0
16
40
254
98
120
98
254
0
0
108
0
254
98
120
98
254
0
0
96
48
0
120
48
48
120
0
0
24
48
0
120
48
48
120
0
0
32
80
0
120
48
48
120
0
0
204
0
120
48
48
48
120
0
0
248
108
102
246
102
108
248
0
0
118
220
0
230
246
222
206
0
0
96
48
0
124
198
198
124
0
0
12
24
0
124
198
198
124
0
0
16
40
0
124
198
198
124
0
0
118
220
0
124
198
198
124
0
0
108
0
124
198
198
198
124
0
0
0
0
108
56
108
0
0
0
0
61
103
110
126
118
230
188
0
0
96
48
0
198
198
198
124
0
0
12
24
0
198
198
198
124
0
0
16
40
0
198
198
198
124
0
0
108
0
198
198
198
198
124
0
0
24
48
204
204
120
48
120
0
0
240
96
124
102
124
96
240
0
0
120
204
204
216
204
198
204
0
0
170
85
170
85
170
85
170
85
170
48
0
48
48
120
120
48
0
0
0
16
124
214
208
214
124
16
0
56
108
100
240
96
102
252
0
0
30
49
252
96
248
51
30
0
0
204
204
120
252
48
252
48
0
0
40
16
124
192
120
12
248
0
0
62
97
60
102
102
60
134
124
0
40
16
124
192
120
12
248
0
0
60
66
153
161
161
153
66
60
0
60
108
108
62
0
126
0
0
0
0
51
102
204
102
51
0
0
0
0
0
0
252
12
12
0
0
0
0
102
60
102
102
60
102
0
0
60
66
185
165
185
165
66
60
0
124
0
0
0
0
0
0
0
0
56
108
108
56
0
0
0
0
0
48
48
252
48
48
0
252
0
0
56
108
24
48
124
0
0
0
0
120
12
56
12
120
0
0
0
0
80
32
252
152
48
100
252
0
0
0
0
102
102
102
102
123
192
0
127
219
219
123
27
27
27
0
0
0
0
0
48
48
0
0
0
0
80
32
252
152
48
100
252
0
0
24
56
24
24
60
0
0
0
0
56
108
108
56
0
124
0
0
0
0
204
102
51
102
204
0
0
0
127
205
204
207
204
205
127
0
0
0
0
126
219
222
216
126
0
0
204
0
204
204
120
48
120
0
0
48
0
48
96
192
204
120
0
0
0
0
0
0
255
0
0
0
0
24
24
24
24
24
24
24
24
24
0
0
0
0
31
24
24
24
24
0
0
0
0
248
24
24
24
24
24
24
24
24
31
0
0
0
0
24
24
24
24
248
0
0
0
0
24
24
24
24
31
24
24
24
24
24
24
24
24
248
24
24
24
24
0
0
0
0
255
24
24
24
24
24
24
24
24
255
0
0
0
0
24
24
24
24
255
24
24
24
24
136
34
136
34
136
34
136
34
136
255
0
0
0
0
0
0
0
0
0
0
255
0
0
0
0
0
0
0
0
0
0
0
0
255
0
0
0
0
0
0
0
0
0
0
255
0
0
0
255
0
255
0
0
0
54
54
54
54
54
54
54
54
54
0
0
0
63
48
55
54
54
54
0
0
0
254
6
246
54
54
54
54
54
54
55
48
63
0
0
0
54
54
54
246
6
254
0
0
0
54
54
54
55
48
55
54
54
54
54
54
54
246
6
246
54
54
54
0
0
0
255
0
247
54
54
54
54
54
54
247
0
255
0
0
0
54
54
54
247
0
247
54
54
54
255
255
255
255
255
255
255
255
255
24
60
126
24
24
24
24
0
0
24
24
24
24
126
60
24
0
0
0
24
48
127
48
24
0
0
0
0
24
12
254
12
24
0
0
0
96
48
120
12
124
204
118
0
0
24
48
120
12
124
204
118
0
0
16
40
120
12
124
204
118
0
0
118
220
120
12
124
204
118
0
0
108
0
120
12
124
204
118
0
0
56
108
56
12
124
204
118
0
0
0
0
126
27
126
216
110
0
0
0
120
204
192
204
120
12
120
0
96
48
120
204
252
192
120
0
0
24
48
120
204
252
192
120
0
0
16
40
120
204
252
192
120
0
0
108
0
120
204
252
192
120
0
0
96
48
0
112
48
48
120
0
0
24
48
0
112
48
48
120
0
0
32
80
0
112
48
48
120
0
0
216
0
112
48
48
48
120
0
0
52
24
44
124
204
204
120
0
0
118
220
0
220
102
102
102
0
0
96
48
0
124
198
198
124
0
0
12
24
0
124
198
198
124
0
0
16
40
0
124
198
198
124
0
0
118
220
0
124
198
198
124
0
0
0
108
0
124
198
198
124
0
0
48
48
0
252
0
48
48
0
0
0
61
102
110
118
102
188
0
0
96
48
0
204
204
204
118
0
0
24
48
0
204
204
204
118
0
0
32
80
0
204
204
204
118
0
0
204
0
204
204
204
204
118
0
0
24
48
204
204
204
124
12
248
0
224
96
124
102
102
124
96
240
0
204
0
204
204
204
124
12
248
0
253
255
255
255
192
3
255
255
96
34
255
255
100
34
255
255
101
34
255
255
160
37
172
37
174
37
252
37
254
37
27
43
14
34
255
255
198
37
102
38
37
43
39
43
255
255
188
0
255
255
189
0
255
255
190
0
255
255
166
0
255
255
168
0
255
255
184
0
255
255
146
1
255
255
32
32
255
255
33
32
255
255
48
32
255
255
34
33
255
255
38
32
255
255
57
32
255
255
58
32
255
255
28
32
31
32
54
32
255
255
29
32
186
2
221
2
238
2
51
32
255
255
30
32
255
255
66
46
255
255
65
46
206
2
255
255
30
1
255
255
31
1
255
255
48
1
255
255
49
1
255
255
94
1
255
255
95
1
255
255
32
0
160
0
0
32
1
32
2
32
3
32
4
32
5
32
6
32
7
32
8
32
9
32
10
32
47
32
95
32
255
255
33
0
255
255
34
0
255
255
35
0
255
255
36
0
255
255
37
0
255
255
38
0
255
255
39
0
180
0
185
2
188
2
202
2
25
32
50
32
255
255
40
0
255
255
41
0
255
255
42
0
78
32
23
34
255
255
43
0
255
255
44
0
207
2
26
32
255
255
45
0
173
0
16
32
17
32
18
32
19
32
67
32
18
34
255
255
46
0
36
32
255
255
47
0
68
32
21
34
255
255
48
0
255
255
49
0
255
255
50
0
255
255
51
0
255
255
52
0
255
255
53
0
255
255
54
0
255
255
55
0
255
255
56
0
255
255
57
0
255
255
58
0
54
34
255
255
59
0
255
255
60
0
255
255
61
0
64
46
255
255
62
0
255
255
63
0
255
255
64
0
255
255
65
0
255
255
66
0
255
255
67
0
255
255
68
0
255
255
69
0
255
255
70
0
255
255
71
0
255
255
72
0
255
255
73
0
255
255
74
0
255
255
75
0
42
33
255
255
76
0
255
255
77
0
255
255
78
0
255
255
79
0
255
255
80
0
255
255
81
0
255
255
82
0
255
255
83
0
255
255
84
0
255
255
85
0
255
255
86
0
255
255
87
0
255
255
88
0
255
255
89
0
255
255
90
0
255
255
91
0
255
255
92
0
245
41
255
255
93
0
255
255
94
0
196
2
198
2
3
35
255
255
95
0
255
255
96
0
187
2
189
2
203
2
24
32
27
32
53
32
255
255
97
0
255
255
98
0
255
255
99
0
255
255
100
0
255
255
101
0
255
255
102
0
255
255
103
0
255
255
104
0
255
255
105
0
255
255
106
0
255
255
107
0
255
255
108
0
255
255
109
0
255
255
110
0
255
255
111
0
255
255
112
0
255
255
113
0
255
255
114
0
255
255
115
0
255
255
116
0
255
255
117
0
255
255
118
0
255
255
119
0
255
255
120
0
255
255
121
0
255
255
122
0
255
255
123
0
255
255
124
0
35
34
255
255
125
0
255
255
126
0
220
2
255
255
34
32
25
34
207
37
255
255
192
0
255
255
193
0
255
255
194
0
255
255
195
0
255
255
196
0
255
255
197
0
43
33
255
255
198
0
255
255
199
0
255
255
200
0
255
255
201
0
255
255
202
0
255
255
203
0
255
255
204
0
255
255
205
0
255
255
206
0
255
255
207
0
255
255
208
0
16
1
255
255
209
0
255
255
210
0
255
255
211
0
255
255
212
0
255
255
213
0
255
255
214
0
255
255
215
0
255
255
216
0
255
255
217
0
255
255
218
0
255
255
219
0
255
255
220
0
255
255
221
0
255
255
222
0
255
255
223
0
255
255
146
37
255
255
161
0
255
255
162
0
255
255
163
0
255
255
172
32
255
255
165
0
255
255
96
1
255
255
167
0
255
255
97
1
255
255
169
0
255
255
170
0
255
255
171
0
255
255
172
0
255
255
164
0
255
255
174
0
255
255
175
0
201
2
255
255
176
0
218
2
255
255
177
0
255
255
178
0
255
255
179
0
255
255
125
1
255
255
181
0
188
3
255
255
182
0
255
255
183
0
39
32
197
34
49
46
255
255
126
1
255
255
185
0
255
255
186
0
255
255
187
0
255
255
82
1
255
255
83
1
255
255
120
1
255
255
191
0
255
255
0
37
20
32
21
32
175
35
255
255
2
37
255
255
12
37
109
37
255
255
16
37
110
37
255
255
20
37
112
37
255
255
24
37
111
37
255
255
28
37
255
255
36
37
255
255
44
37
255
255
52
37
255
255
60
37
255
255
145
37
255
255
186
35
62
32
255
255
187
35
255
255
188
35
255
255
189
35
255
255
80
37
1
37
255
255
81
37
3
37
255
255
84
37
15
37
255
255
87
37
19
37
255
255
90
37
23
37
255
255
93
37
27
37
255
255
96
37
35
37
255
255
99
37
43
37
255
255
102
37
51
37
255
255
105
37
59
37
255
255
108
37
75
37
255
255
136
37
255
255
145
33
255
255
147
33
255
255
144
33
255
255
146
33
255
255
224
0
255
255
225
0
255
255
226
0
255
255
227
0
255
255
228
0
255
255
229
0
255
255
230
0
255
255
231
0
255
255
232
0
255
255
233
0
255
255
234
0
255
255
235
0
255
255
236
0
255
255
237
0
255
255
238
0
255
255
239
0
255
255
240
0
255
255
241
0
255
255
242
0
255
255
243
0
255
255
244
0
255
255
245
0
255
255
246
0
255
255
247
0
255
255
248
0
255
255
249
0
255
255
250
0
255
255
251
0
255
255
252
0
255
255
253
0
255
255
254
0
255
255
255
0
255
255

