
[-1, 0 x 2, 14, 0 x 16380, ]

[-1, 0 x 2, 13, 0 x 8188, -1, 0 x 2, 13, 0 x 8188, ]

[-1, 0 x 2, 12, 0 x 4092, -1, 0 x 2, 12, 0 x 4092, -1, 0 x 2, 13, 0 x 8188, ]

[-1, 0 x 2, 11, 0 x 2044, -1, 0 x 2, 11, 0 x 2044, -1, 0 x 2, 12, 0 x 4092, -1, 0 x 2, 13, 0 x 8188, ]

[-1, 0 x 2, 10, 0 x 1020, -1, 0 x 2, 10, 0 x 1020, -1, 0 x 2, 11, 0 x 2044, -1, 0 x 2, 12, 0 x 4092, -1, 0 x 2, 13, 0 x 8188, ]

[-1, 0 x 2, 9, 0 x 508, -1, 0 x 2, 9, 0 x 508, -1, 0 x 2, 10, 0 x 1020, -1, 0 x 2, 11, 0 x 2044, -1, 0 x 2, 12, 0 x 4092, -1, 0 x 2, 13, 0 x 8188, ]

[-1, 0 x 2, 8, 0 x 252, -1, 0 x 2, 8, 0 x 252, -1, 0 x 2, 9, 0 x 508, -1, 0 x 2, 10, 0 x 1020, -1, 0 x 2, 11, 0 x 2044, -1, 0 x 2, 12, 0 x 4092, -1, 0 x 2, 13, 0 x 8188, ]

[-1, 0 x 2, 7, 0 x 124, -1, 0 x 2, 7, 0 x 124, -1, 0 x 2, 8, 0 x 252, -1, 0 x 2, 9, 0 x 508, -1, 0 x 2, 10, 0 x 1020, -1, 0 x 2, 11, 0 x 2044, -1, 0 x 2, 12, 0 x 4092, -1, 0 x 2, 13, 0 x 8188, ]

[-1, 0 x 2, 6, 0 x 60, -1, 0 x 2, 6, 0 x 60, -1, 0 x 2, 7, 0 x 124, -1, 0 x 2, 8, 0 x 252, -1, 0 x 2, 9, 0 x 508, -1, 0 x 2, 10, 0 x 1020, -1, 0 x 2, 11, 0 x 2044, -1, 0 x 2, 12, 0 x 4092, -1, 0 x 2, 13, 0 x 8188, ]

[-1, 0 x 2, 5, 0 x 28, -1, 0 x 2, 5, 0 x 28, -1, 0 x 2, 6, 0 x 60, -1, 0 x 2, 7, 0 x 124, -1, 0 x 2, 8, 0 x 252, -1, 0 x 2, 9, 0 x 508, -1, 0 x 2, 10, 0 x 1020, -1, 0 x 2, 11, 0 x 2044, -1, 0 x 2, 12, 0 x 4092, -1, 0 x 2, 13, 0 x 8188, ]

[-1, 0 x 2, 4, 0 x 12, -1, 0 x 2, 4, 0 x 12, -1, 0 x 2, 5, 0 x 28, -1, 0 x 2, 6, 0 x 60, -1, 0 x 2, 7, 0 x 124, -1, 0 x 2, 8, 0 x 252, -1, 0 x 2, 9, 0 x 508, -1, 0 x 2, 10, 0 x 1020, -1, 0 x 2, 11, 0 x 2044, -1, 0 x 2, 12, 0 x 4092, -1, 0 x 2, 13, 0 x 8188, ]

[0 x 3, 4, 0 x 12, -1, 0 x 2, 4, 0 x 12, -1, 0 x 2, 5, 0 x 28, -1, 0 x 2, 6, 0 x 60, -1, 0 x 2, 7, 0 x 124, -1, 0 x 2, 8, 0 x 252, -1, 0 x 2, 9, 0 x 508, -1, 0 x 2, 10, 0 x 1020, -1, 0 x 2, 11, 0 x 2044, -1, 0 x 2, 12, 0 x 4092, -1, 0 x 2, 13, 0 x 8188, ]

[0 x 16, -1, 0 x 2, 4, 0 x 12, -1, 0 x 2, 5, 0 x 28, -1, 0 x 2, 6, 0 x 60, -1, 0 x 2, 7, 0 x 124, -1, 0 x 2, 8, 0 x 252, -1, 0 x 2, 9, 0 x 508, -1, 0 x 2, 10, 0 x 1020, -1, 0 x 2, 11, 0 x 2044, -1, 0 x 2, 12, 0 x 4092, -1, 0 x 2, 13, 0 x 8188, ]

[-1, 0 x 15, -1, 0 x 2, 4, 0 x 12, -1, 0 x 2, 5, 0 x 28, -1, 0 x 2, 6, 0 x 60, -1, 0 x 2, 7, 0 x 124, -1, 0 x 2, 8, 0 x 252, -1, 0 x 2, 9, 0 x 508, -1, 0 x 2, 10, 0 x 1020, -1, 0 x 2, 11, 0 x 2044, -1, 0 x 2, 12, 0 x 4092, -1, 0 x 2, 13, 0 x 8188, ]
[-1, 0 x 2, 14, 0 x 12, -1, 0 x 2, 4, 0 x 12, -1, 0 x 2, 5, 0 x 28, -1, 0 x 2, 6, 0 x 60, -1, 0 x 2, 7, 0 x 124, -1, 0 x 2, 8, 0 x 252, -1, 0 x 2, 9, 0 x 508, -1, 0 x 2, 10, 0 x 1020, -1, 0 x 2, 11, 0 x 2044, -1, 0 x 2, 12, 0 x 4092, -1, 0 x 2, 13, 0 x 8188, ]
[-1, 0 x 2, 13, 0 x 12, -1, 0 x 2, 4, 0 x 12, -1, 0 x 2, 5, 0 x 28, -1, 0 x 2, 6, 0 x 60, -1, 0 x 2, 7, 0 x 124, -1, 0 x 2, 8, 0 x 252, -1, 0 x 2, 9, 0 x 508, -1, 0 x 2, 10, 0 x 1020, -1, 0 x 2, 11, 0 x 2044, -1, 0 x 2, 12, 0 x 4092, -1, 0 x 2, 13, 0 x 8188, ]
[-1, 0 x 2, 12, 0 x 12, -1, 0 x 2, 4, 0 x 12, -1, 0 x 2, 5, 0 x 28, -1, 0 x 2, 6, 0 x 60, -1, 0 x 2, 7, 0 x 124, -1, 0 x 2, 8, 0 x 252, -1, 0 x 2, 9, 0 x 508, -1, 0 x 2, 10, 0 x 1020, -1, 0 x 2, 11, 0 x 2044, -1, 0 x 2, 12, 0 x 4092, -1, 0 x 2, 13, 0 x 8188, ]
[-1, 0 x 2, 11, 0 x 12, -1, 0 x 2, 4, 0 x 12, -1, 0 x 2, 5, 0 x 28, -1, 0 x 2, 6, 0 x 60, -1, 0 x 2, 7, 0 x 124, -1, 0 x 2, 8, 0 x 252, -1, 0 x 2, 9, 0 x 508, -1, 0 x 2, 10, 0 x 1020, -1, 0 x 2, 11, 0 x 2044, -1, 0 x 2, 12, 0 x 4092, -1, 0 x 2, 13, 0 x 8188, ]
[-1, 0 x 2, 10, 0 x 12, -1, 0 x 2, 4, 0 x 12, -1, 0 x 2, 5, 0 x 28, -1, 0 x 2, 6, 0 x 60, -1, 0 x 2, 7, 0 x 124, -1, 0 x 2, 8, 0 x 252, -1, 0 x 2, 9, 0 x 508, -1, 0 x 2, 10, 0 x 1020, -1, 0 x 2, 11, 0 x 2044, -1, 0 x 2, 12, 0 x 4092, -1, 0 x 2, 13, 0 x 8188, ]
[-1, 0 x 2, 9, 0 x 12, -1, 0 x 2, 4, 0 x 12, -1, 0 x 2, 5, 0 x 28, -1, 0 x 2, 6, 0 x 60, -1, 0 x 2, 7, 0 x 124, -1, 0 x 2, 8, 0 x 252, -1, 0 x 2, 9, 0 x 508, -1, 0 x 2, 10, 0 x 1020, -1, 0 x 2, 11, 0 x 2044, -1, 0 x 2, 12, 0 x 4092, -1, 0 x 2, 13, 0 x 8188, ]
[-1, 0 x 2, 8, 0 x 12, -1, 0 x 2, 4, 0 x 12, -1, 0 x 2, 5, 0 x 28, -1, 0 x 2, 6, 0 x 60, -1, 0 x 2, 7, 0 x 124, -1, 0 x 2, 8, 0 x 252, -1, 0 x 2, 9, 0 x 508, -1, 0 x 2, 10, 0 x 1020, -1, 0 x 2, 11, 0 x 2044, -1, 0 x 2, 12, 0 x 4092, -1, 0 x 2, 13, 0 x 8188, ]
[-1, 0 x 2, 7, 0 x 12, -1, 0 x 2, 4, 0 x 12, -1, 0 x 2, 5, 0 x 28, -1, 0 x 2, 6, 0 x 60, -1, 0 x 2, 7, 0 x 124, -1, 0 x 2, 8, 0 x 252, -1, 0 x 2, 9, 0 x 508, -1, 0 x 2, 10, 0 x 1020, -1, 0 x 2, 11, 0 x 2044, -1, 0 x 2, 12, 0 x 4092, -1, 0 x 2, 13, 0 x 8188, ]
[-1, 0 x 2, 6, 0 x 12, -1, 0 x 2, 4, 0 x 12, -1, 0 x 2, 5, 0 x 28, -1, 0 x 2, 6, 0 x 60, -1, 0 x 2, 7, 0 x 124, -1, 0 x 2, 8, 0 x 252, -1, 0 x 2, 9, 0 x 508, -1, 0 x 2, 10, 0 x 1020, -1, 0 x 2, 11, 0 x 2044, -1, 0 x 2, 12, 0 x 4092, -1, 0 x 2, 13, 0 x 8188, ]
[-1, 0 x 2, 5, 0 x 12, -1, 0 x 2, 4, 0 x 12, -1, 0 x 2, 5, 0 x 28, -1, 0 x 2, 6, 0 x 60, -1, 0 x 2, 7, 0 x 124, -1, 0 x 2, 8, 0 x 252, -1, 0 x 2, 9, 0 x 508, -1, 0 x 2, 10, 0 x 1020, -1, 0 x 2, 11, 0 x 2044, -1, 0 x 2, 12, 0 x 4092, -1, 0 x 2, 13, 0 x 8188, ]
[-1, 0 x 2, 4, 0 x 12, -1, 0 x 2, 4, 0 x 12, -1, 0 x 2, 5, 0 x 28, -1, 0 x 2, 6, 0 x 60, -1, 0 x 2, 7, 0 x 124, -1, 0 x 2, 8, 0 x 252, -1, 0 x 2, 9, 0 x 508, -1, 0 x 2, 10, 0 x 1020, -1, 0 x 2, 11, 0 x 2044, -1, 0 x 2, 12, 0 x 4092, -1, 0 x 2, 13, 0 x 8188, ]
[0 x 3, 4, 0 x 12, -1, 0 x 2, 4, 0 x 12, -1, 0 x 2, 5, 0 x 28, -1, 0 x 2, 6, 0 x 60, -1, 0 x 2, 7, 0 x 124, -1, 0 x 2, 8, 0 x 252, -1, 0 x 2, 9, 0 x 508, -1, 0 x 2, 10, 0 x 1020, -1, 0 x 2, 11, 0 x 2044, -1, 0 x 2, 12, 0 x 4092, -1, 0 x 2, 13, 0 x 8188, ]
[0 x 3, 104, 0 x 12, -1, 0 x 2, 4, 0 x 12, -1, 0 x 2, 5, 0 x 28, -1, 0 x 2, 6, 0 x 60, -1, 0 x 2, 7, 0 x 124, -1, 0 x 2, 8, 0 x 252, -1, 0 x 2, 9, 0 x 508, -1, 0 x 2, 10, 0 x 1020, -1, 0 x 2, 11, 0 x 2044, -1, 0 x 2, 12, 0 x 4092, -1, 0 x 2, 13, 0 x 8188, ]
[0 x 3, 2, 0 x 12, -1, 0 x 2, 4, 0 x 12, -1, 0 x 2, 5, 0 x 28, -1, 0 x 2, 6, 0 x 60, -1, 0 x 2, 7, 0 x 124, -1, 0 x 2, 8, 0 x 252, -1, 0 x 2, 9, 0 x 508, -1, 0 x 2, 10, 0 x 1020, -1, 0 x 2, 11, 0 x 2044, -1, 0 x 2, 12, 0 x 4092, -1, 0 x 2, 13, 0 x 8188, ]
test compilers::jack_compiler::tests::test_string_alloc ... FAILED

failures:

failures:
    compilers::jack_compiler::tests::test_string_alloc

test result: FAILED. 0 passed; 1 failed; 0 ignored; 0 measured; 65 filtered out; finished in 5.01s

